  2.27238806  -0.48386617 
 -2.00371632   0.97994569 
  0.92357389  -1.06794901 
 -2.73470668   1.73384895 
  0.25570965   0.04460591 
  2.17796297  -0.24786547 
 -1.89984817   0.80723769 
  0.99253397  -1.15562472 
 -2.85174931   1.61692776 
  0.48208220  -0.32917802 
  2.41146640  -0.86071918 
 -1.97982948   1.11598905 
  0.99362509  -1.26836752 
 -3.13836093   1.88909615 
  0.08427354  -0.33855507 
  2.06960888  -0.57205006 
 -1.95115220   0.88132047 
  0.86501969  -1.19690245 
 -2.94710646   1.95190715 
  0.57451265  -0.44263427 
  2.28048080  -0.62278754 
 -1.93277493   0.85315357 
  1.00543239  -1.24544773 
 -2.83663918   2.07196306 
  0.44551465  -0.06644269 
